593.3992846691164 526.757449586383 -0.32197809839471914 -0.23772250776563597
256.41714671903105 224.1691460527577 0.059627948023227795 1.3090372665744612
445.19158376384314 508.5965030667762 1.0890886060346983 0.33028038594074083
61.06217543093773 143.6380843525374 -0.20811433782455646 -0.8171946797827645
49.56941122951753 422.5195189180106 -0.48922417122070927 1.410017620757126
204.87485955102812 595.3433199181684 -1.796737671339077 -0.7474133583439855
332.1385249892278 264.9100830298646 -1.8739676079340764 1.4253717359842724
812.0726269541318 243.4664922226978 1.6320699967698276 -0.8275410071654776
956.6191309941576 150.13755403793186 0.24755734773334614 -1.0401947367754167
670.6736188874206 638.0785116033651 -0.2379137455686373 -1.3623565507866982
842.0052478866864 471.53336977426653 0.7571047481251787 -1.4975420136606385
569.9992095148663 226.01511612029051 -0.18606589254843486 -0.589002977737763
813.5742540091595 459.72453447074395 -0.41590624386810005 -1.0535579761944667
289.60467509370903 301.10189765525996 -0.028919612339135092 1.609515549986594
485.4028316591049 216.0586791948961 -0.13584757031920658 -1.8950412507033008
462.29438600855553 58.9629354793044 1.1810787975467991 -1.9835282569706347
722.045527216971 273.85506974406155 -1.5817841581251781 -0.48913692866932257
783.8777048989192 96.64769966611556 1.4726818064997755 1.184811679468483
277.03201538729303 615.215792800011 1.1928078555560289 0.7653003693082621
292.3218523471103 272.31033650296405 1.9294466419799052 -0.902562115695174
455.83951714735895 546.1317814172379 1.3021283757850002 -0.29895979392380445
688.9579606151946 415.1758574601896 -1.539539306581259 0.15000058802720861
900.996750216928 307.6178115543568 -1.6874275514179216 -0.3738677366492973
924.3967333601202 651.0275159793401 -1.4911891132894808 1.2218246147968688
846.9752134425588 575.6108960285096 -1.5896939605435816 -0.086489681133044
521.809626341925 383.44994057968717 -1.1615778019048695 1.6005959682303885
442.52439997693847 377.36656746526194 0.09252399580122805 -0.797832702397296
360.2321831209624 46.06207384990688 1.5398901931129694 -1.4735673255016954
988.1072398356702 427.0872732230437 -0.9769864932371579 -0.524471204535474
890.5454780119627 115.97464750225129 -1.6040669127405787 1.120966066683227
186.09173341255803 158.51732692595678 -1.3073496770010036 0.2826479587733237
6.792099125189521 453.7061856865291 -1.252912531038906 0.46705620584737284
751.3552031957197 7.238853415664892 -1.474548979868378 1.3678478364376576
45.48283982934509 409.79242841882103 0.9982735093270874 -1.395232228235053
979.9575350474955 370.40291620127795 0.07080698878644132 0.9744367405582328
635.5502855973274 313.32293262895735 0.9068543059368865 0.20923002936230928
123.53924769461833 46.63044675716791 0.9225251933617153 -1.9118803968917195
371.60572533981184 232.6397270354662 -1.207186036777033 -0.28399312400418486
667.1012758816767 633.8171386705963 -0.9946996606628735 -0.11426743683447294
533.1555667371791 473.43219036912603 0.8116803978141935 1.6596018571101294
857.8219407558812 437.57681646555784 -1.1307560020953615 0.6549245770031984
322.4332450905081 54.4624398129049 -1.569183214055312 0.9907222182559452
82.56810469487974 118.05762464394223 0.6330953575346339 -0.5495888900537884
343.50343850150557 76.15583205815392 -0.7502924481127153 -0.8620711222344912
941.7562896194354 477.8653120771317 1.2167378697593088 0.7524251030091622
295.2941989224822 172.29074389048964 -0.6951369768674982 0.579295046960377
117.22006309871435 268.8281398283605 -1.4963510080159685 -0.607009279742909
101.21381933682505 210.0222086282 -3.108050694855535E-5 -0.3102995880078736
381.74020889748095 670.3377136159851 -1.9260951789841174 0.015643430777904754
948.008128567464 678.4734553722614 1.8019041760060448 0.6293842300392116
347.8935615898494 167.00008645876787 -0.8516320175893406 -1.665776608478764
956.5150712266867 281.1301829457163 -0.1567464649661856 -1.9606155374230503
803.8770293394722 128.3315318060447 1.3846809567577476 0.45636523785777916
456.97230155769864 622.2715372504025 -0.4280610263203579 -0.690514744637452
733.963034648102 268.23349437147766 -0.8343081927049978 1.5373106222651165
91.53431340516005 52.67239965630651 -0.41140464116197517 -1.815699784322308
371.2423681811847 436.98069652534394 -0.979063811294596 -1.9703321701107077
216.65527464934908 214.8112107064481 1.8123151410538276 -1.5268849220295246
880.3110356497087 173.4574029276715 0.821800902755264 0.7947438875161503
327.9939020766687 2.8179628296005066 -1.884612550292363 -0.37088508633963135
517.5571897145148 220.37553440981972 0.39099451975347455 1.341073405294729
480.4964630647608 127.39627863477277 -0.4323439271238856 0.9636215922128937
366.7043469126844 580.2095659865327 0.16694934801493577 0.4557706704326594
926.3142922090076 350.9545266195529 -0.5688784050223048 -1.739034334228935
997.2672572436875 364.58221814585403 -0.43622017672717206 1.4943276526827658
443.2120508297168 333.17985435839125 -1.9545871985987926 -0.44038182416599403
643.5765295573649 664.8355372975137 1.667423179745934 -0.40551451607789213
76.12297592573836 502.2897520015068 -1.2552478834117293 -0.13479281988143077
752.0285666459395 646.5215570664013 1.908586074096541 -0.9201973025085688
264.5072049527779 242.19553204491808 0.9470403933833085 -0.43895636617297296
994.2165630048418 345.5471310963297 1.353123232601377 0.31854549481743266
578.1698476752497 660.8120513549273 1.5556854922964862 0.28178306258438557
93.59933523138398 18.707113404481944 0.25047289545703855 -1.6964742610260672
534.1944369845168 479.7479205915892 0.8148001175050217 1.015845962536016
63.36390938941972 76.34032570496299 0.4807733106007066 0.21851113804165312
217.64869070268134 360.6108764467186 1.758394272110177 -1.7977764265145875
703.1380616143185 199.842795450826 -1.4587136675325434 -1.7431677847632407
678.7182535176784 358.162410594186 1.39418592192906 -1.4127071751698845
452.20960800432266 621.7724171656398 -0.28724717490019147 -1.0421877129951076
328.92497108922316 565.5561899520812 0.7626566906523502 -1.3927328700220585
946.9078130581676 321.27969292238265 1.0463040474845093 -0.6733558778211508
809.0860583753612 491.89455512452906 -1.9880237349459602 1.061905487897044
879.8039287718718 362.59864717125595 -0.18844464034008146 1.0033389371525208
51.66991700704937 587.3375012375803 1.6294208131658627 0.8451077893771601
8.386837151607708 479.3324518198564 1.0465060400388042 -1.2536266626798067
510.20541824593033 405.9986001453718 1.969910912044171 0.4980186376439675
410.8699067353015 282.26816447627806 -1.1501288349402725 0.49665708811783915
778.4006820242128 671.8620752509412 0.2222934833792216 1.3502670742644192
336.785520167619 543.4548497728563 -0.9435300921440488 1.2874499783222073
71.6273415873735 587.9555452873617 -1.0460073922741273 1.0149649670198122
250.0234355750458 184.2794293116547 -0.06370453800301501 -1.7341506225555374
293.42703204375056 104.0127265346792 -0.6253449432898539 1.003091242068208
911.9692972246878 170.27487958163536 0.5578916324451195 -0.9085241143931593
659.6959507807104 232.86050029477997 -0.5405859271138422 1.2228847468752813
602.3994060594371 490.3948261104497 -0.54333867041561 0.9779810321225382
103.20398218230054 280.76477591564674 0.07239839888844735 -0.8701268651485297
825.7881475495146 373.48913755457 -0.7512689750123229 -1.356997515983649
931.1044655760692 131.96941537115734 -0.7688905998992177 0.2931602303489593
100.68426940942443 169.71483397642595 1.8309977458838915 0.43219081011323945
458.09097218409113 502.6626131800393 -0.3477068665251313 0.14359935436333426
